# Created by Michael's awesome python script
# name: mData
# rows: 45
# columns: 25
771.693333333 888.677777778 919.938222222 929.393333333 0 885.24 775.61 684.254444444 666.278888889 0 0 696.445555556 787.085555556 948.388888889 968.584444444 0 836.007888889 812.603333333 871.584444444 883.435555556 736.912222222 650.568888889 815.228333333 851.115555556 7
1126.87666667 975.605555556 989.47 920.11 0 989.283333333 894.002222222 843.18 816.317777778 0 0 819.432222222 667.152222222 554.944444444 576.817777778 0 870.918888889 676.985555556 836.215555556 855.668888889 997.444444444 958.466666667 1073.82 1019.52777778 6
1287.63333333 1066.62111111 1206.15333333 1075.77777778 0 532.59 684.73 1259.03555556 1248.17777778 0 0 668.034 599.936222222 832.337777778 851.971111111 0 882.714444444 576.301111111 737.676666667 732.323333333 1023.79111111 1143.69222222 1229.42777778 1315.40888889 6
980.614777778 1041.83777778 1195.19 967.627777778 0 1180.22666667 1083.46888889 828.99 808.121111111 0 0 807.508888889 689.087777778 748.622222222 799.958888889 0 952.852222222 1044.07444444 918.675555556 909.456666667 811.13 826.396666667 821.986666667 849.496666667 6
1029.55222222 1055.62888889 1083.80888889 1038.98222222 0 711.586666667 933.274444444 895.333333333 921.123333333 0 0 588.673444444 757.103333333 837.593333333 842.038888889 0 747.233333333 966.783333333 813.807777778 865.795555556 834.587777778 860.99 679.69 644.423333333 6
793.078888889 897.568888889 1033.04555556 904.753333333 0 790.225555556 790.863333333 655.6 648.662222222 0 0 508.89 327.324444444 639.374444444 664.971111111 0 846.428888889 778.785555556 837.392222222 860.873333333 695.467777778 708.677777778 714.695555556 690.186666667 5
487.259777778 769.331 1009.79888889 608.078888889 0 643.828888889 563.652222222 723.475555556 759.616666667 0 0 535.436666667 604.638333333 732.647777778 735.45 0 597.627777778 988.724444444 789.552222222 762.5 497.142222222 1196.27555556 1136.28777778 1139.20444444 7
1274.48111111 1133.50888889 1163.73333333 1054.47111111 0 1090.09777778 925.277777778 908.648888889 902.988888889 0 0 493.704444444 577.304333333 898.726777778 948.488888889 0 802.428888889 986.557777778 975.354444444 897.586666667 719.033333333 785.36 834.287777778 730.591111111 5
518.1 494.75 395.780222222 420.780222222 0 585.052111111 555.986666667 888.455555556 902.881111111 0 0 324.485 413.329444444 463.643333333 452.087333333 0 631.183222222 591.285555556 765.142222222 721.191111111 464.283111111 587.258555556 522.982222222 557.98 10.0
611.059666667 470.776222222 230.703333333 372.224 0 656.871111111 616.061111111 952.661111111 998.095555556 0 0 361.325555556 568.561111111 932.610444444 958.188888889 0 386.181333333 522.58 652.934111111 750.407777778 343.622444444 553.648222222 827.031111111 771.846666667 10.0
843.243333333 795.258888889 1072.10666667 1180.71777778 0 1072.40222222 1148.3 984.124444444 998.867777778 0 0 702.584777778 566.137666667 870.472444444 897.17 0 1003.43555556 1064.69444444 967.591111111 1072.94666667 807.151111111 980.39 865.203333333 885.721111111 4
1051.42444444 736.754444444 521.686666667 589.335555556 0 556.364444444 602.266666667 949.712222222 899.92 0 0 438.585555556 517.217888889 1066.56666667 1083.91555556 0 762.337777778 695.721111111 720.198888889 709.143333333 729.604333333 1214.72 1021.93111111 1015.41 6
738.155555556 780.195555556 928.091111111 905.322222222 0 750.624444444 781.29 779.237777778 746.981111111 0 0 671.697777778 515.562222222 823.426666667 848.625555556 0 848.351111111 696.906666667 646.411111111 536.635555556 676.125555556 897.028888889 787.352222222 831.316666667 5
991.048888889 858.586666667 1100.18 1156.52111111 0 1004.81777778 989.472222222 563.086666667 527.188888889 0 0 697.581111111 689.712222222 547.063333333 546.878888889 0 890.051111111 697.625555556 1048.20555556 1024.35222222 900.647777778 943.676666667 778.045555556 734.814444444 3
982.614111111 930.344444444 917.36 1005.41 0 773.776666667 602.086666667 878.011111111 881.097777778 0 0 805.387777778 713.8 826.787777778 839.91 0 922.896666667 813.82 992.175555556 977.753333333 713.288888889 765.092222222 653.266666667 704.201111111 6
973.262222222 835.827777778 878.375555556 904.724444444 0 946.142222222 859.046666667 631.93 627.236666667 0 0 531.477222222 678.83 703.891111111 713.654444444 0 752.03 981.637777778 964.617777778 945.267777778 687.534444444 890.418888889 744.276666667 792.551111111 4
1007.45333333 983.432222222 1126.31222222 1102.72333333 0 1207.15777778 1096.73777778 746.763333333 703.373333333 0 0 640.582666667 634.392222222 702.963333333 719.116666667 0 888.201111111 1011.23666667 859.374444444 831.643333333 984.305555556 965.333333333 756.841111111 803.983333333 5
806.211111111 888.117777778 808.443777778 613.056333333 0 944.005555556 954.965555556 728.992222222 783.18 0 0 571.519555556 622.471444444 668.493777778 684.516666667 0 537.906666667 1225.33444444 982.63 967.523333333 516.998888889 771.204444444 749.474444444 711.573333333 9
870.867777778 809.311111111 1241.91444444 1117.45111111 0 995.984444444 832.273333333 483.635555556 492.715555556 0 0 603.672222222 603.575555556 670.65 735.417777778 0 808.016666667 894.351111111 850.845555556 747.731111111 737.647777778 1020.38 791.313333333 760.376666667 3
1098.49888889 1101.23111111 1146.61777778 913.7 0 1167.65 1248.58555556 804.793333333 800.985555556 0 0 767.138888889 733.415555556 784.727777778 796.093333333 0 865.924444444 1030.33111111 915.85 826.953333333 906.747777778 1213.57333333 1090.60888889 932.421111111 6
862.714444444 949.556666667 879.908222222 825.076666667 0 1036.51222222 878.488888889 734.437777778 808.613333333 0 0 556.847111111 640.972222222 868.504444444 989.087777778 0 821.19 931.488888889 800.845555556 696.346666667 825.516666667 1000.19444444 722.466666667 766.138888889 10
753.061222222 867.681111111 977.462222222 936.475555556 0 986.078888889 970.626666667 984.042222222 1027.09333333 0 0 606.09 788.791222222 636.991111111 638.968888889 0 859.458888889 907.365555556 869.407777778 898.671111111 663.632222222 894.735555556 738.026666667 699.558888889 3
795.16 807.538888889 844.041111111 712.213333333 0 830.548888889 849.04 578.008888889 598.216666667 0 0 591.105444444 753.933333333 613.542222222 632.207777778 0 804.233777778 1031.64666667 728.240888889 706.754444444 664.971111111 1050.08555556 715.231111111 786.918888889 4
780.954444444 775.884444444 579.977777778 539.241111111 0 735.548888889 655.452222222 656.707777778 626.347777778 0 0 469.720444444 467.557777778 825.604444444 841.368888889 0 682.91 613.388888889 689.507777778 656.951111111 502.303333333 695.064444444 571.033333333 557.346666667 2
1040.70333333 1005.64444444 1023.02666667 1165.26 0 1008.70333333 1199.09666667 892.077777778 858.9 0 0 649.356666667 690.961111111 797.268888889 804.134444444 0 949.414 811.863333333 572.267777778 508.306666667 722.017777778 853.102222222 644.45 632.933333333 5
817.208111111 1148.75555556 1294.01111111 1029.29222222 0 821.871111111 816.556666667 716.336666667 729.271111111 0 0 637.8 876.105555556 940.313333333 813.997777778 0 968.99 537.475555556 652.684444444 681.624444444 1080.57777778 1011.58666667 1109.91 1066.36111111 3
916.054444444 903.712222222 933.274444444 794.913333333 0 953.79 1004.20666667 833.313333333 853.633333333 0 0 514.414444444 475.539111111 460.431111111 471.101111111 0 695.48 600.67 893.251111111 858.008888889 772.423333333 847.488888889 700.107777778 654.188888889 1
1104.84555556 982.153333333 1158.76555556 1157.90111111 0 1157.91 951.053333333 841.032222222 832.558888889 0 0 583.992111111 570.466888889 688.966666667 714.543444444 0 961.611111111 737.534444444 999.242222222 913.204444444 883.403333333 1070.17222222 823.965555556 645.731111111 2
912.665555556 881.651111111 1288.58888889 1152.47333333 0 885.096666667 1073.42777778 913.524444444 786.328888889 0 0 617.736666667 554.439111111 526.446666667 535.88 0 960.255555556 798.754444444 899.305555556 934.465555556 976.195555556 1083.49111111 998.005555556 774.89 1.5
1268.85777778 1117.97444444 1175.57555556 1218.48333333 0 958.973333333 1179.35555556 899.234444444 785.496666667 0 0 635.864555556 578.624444444 786.017777778 799.746666667 0 1058.33777778 1016.78 1045.67 924.014444444 1095.91222222 1486.69222222 1182.02444444 1087.82888889 3.5
711.514444444 439.146333333 509.094555556 503.695555556 0 1076.93 824.746666667 943.322222222 927.683333333 0 0 673.807777778 712.745555556 729.414444444 758.541111111 0 759.101111111 1025.64333333 1023.12 968.537777778 718.755555556 1088.23555556 1050.68111111 991.961111111 3
647.572222222 500.911111111 643.977777778 756.522777778 0 551.452222222 757.832222222 973.634444444 970.676666667 0 0 499.832222222 617.772555556 780.396666667 785.804444444 0 639.274444444 765.742222222 920.666666667 891.75 820.218555556 619.513888889 938.435555556 1021.33 4
1247.45888889 1023.23444444 1169.56777778 1265.74777778 0 1108.91555556 1027.03444444 878.394444444 770.46 0 0 592.163333333 533.928777778 533.784444444 547.966666667 0 1148.54333333 1292.56666667 925.101111111 848.975555556 1252.76 1033.26555556 1009.14477778 917.391111111 4
1130.93 917.503333333 1104.5 1170.96666667 0 813.208888889 823.906666667 601.195555556 573.255555556 0 0 389.810333333 372.702444444 491.626666667 514.801111111 0 936.343333333 681.391111111 844.112222222 765.01 886.348888889 929.155555556 889.551111111 760.606666667 4
1254.79444444 1101.43888889 829.744444444 1187.79333333 0 800.095555556 664.544444444 953.653333333 970.894444444 0 0 1046.89666667 1035.91444444 899.617777778 921.436666667 0 1238.68333333 879.245555556 864.408888889 999.02 956.268888889 818.158888889 1027.04 972.623333333 10.0
891.51 854.367777778 1180.23777778 1097.76888889 0 991.137777778 1000.57777778 961.516666667 894.091111111 0 0 435.063 508.394444444 601.652222222 626.113333333 0 989.024444444 1054.68555556 987.502222222 1026.46666667 731.5 833.085555556 916.553333333 974.356666667 8
962.653333333 1032.88888889 1422.04 1429.97888889 0 769.021666667 1088.19333333 1071.99 1064.89444444 0 0 585.154444444 552.128555556 794.353333333 826.301666667 0 783.585555556 553.633333333 717.786666667 708.788888889 789.238888889 955.864444444 1090.48444444 1075.59888889 7
1425.01222222 1232.44888889 1429.45222222 1184.99444444 0 1297.49888889 1324.59222222 1331.41444444 1302.88 0 0 588.673333333 619.614444444 839.282222222 876.641111111 0 1010.75777778 910.095555556 900.554444444 963.115555556 746.867777778 1226.31222222 1003.64222222 996.37 1
1084.67111111 1085.18333333 1216.93555556 848.858888889 0 661.787777778 618.987777778 657.406666667 656.846666667 0 0 650.008888889 756.483333333 995.272222222 1005.01555556 0 829.642222222 787.617777778 946.466666667 927.747777778 688.273333333 814.597222222 726.003444444 749.196666667 7
809.200666667 748.08 734.523333333 758.634444444 0 707.114444444 705.611111111 726.686666667 716.258888889 0 0 633.068888889 713.47 614.516666667 604.42 0 766.305555556 813.116666667 903.51 889.212222222 568.675555556 593.986666667 642.495555556 676.584444444 7
1041.56888889 1012.28888889 1346.51111111 1157.93 0 883.521111111 907.044444444 925.69 932.762222222 0 0 619.172222222 631.794444444 937.83 991.904444444 0 1028.50888889 748.7 872.052222222 757.178888889 765.555555556 1238.87777778 1026.85444444 980.011111111 5.5
754.247777778 997.752222222 892.803333333 904.849555556 0 941.125555556 1017.27555556 804.601111111 896.067777778 0 0 525.191111111 616.23 794.727777778 831.08 0 725.921111111 814.465555556 1018.16111111 981.787777778 615.01 874.303333333 803.761111111 772.556666667 8.5
1062.23333333 930.792222222 1373.76666667 1222.82444444 0 785.374444444 832.333333333 808.014444444 836.682222222 0 0 719.423222222 707.476666667 874.535555556 902.097777778 0 751.453333333 933.817777778 955.995555556 926.411111111 875.885555556 807.211111111 679.822222222 611.256666667 7
1202.28588889 1181.45444444 1367.27222222 1056.84888889 0 1155.38666667 1252.69444444 738.566666667 932.698888889 0 0 803.483333333 508.624111111 682.508888889 721.345555556 0 1028.37333333 802.296666667 994.891111111 1111.53222222 1097.52333333 1052.99444444 1072.98777778 937.764444444 1
1396.60666667 1025.00777778 1156.76111111 1302.89222222 0 1274.11777778 1330.89222222 912.348888889 911.108888889 0 0 1025.61777778 847.971333333 710.093777778 758.538444444 0 1220.76266667 1354.59666667 1146.56555556 1035.76555556 923.715555556 1126.39555556 963.652222222 942.311111111 1.5
