# Created by Michael's awesome python script
# name: mData
# rows: 45
# columns: 25
167.567777778 212.773333333 241.847111111 251.233333333 0 206.364444444 153.186666667 212.223333333 194.247777778 0 0 148.747777778 131.251111111 151.822222222 172.017777778 0 135.654555556 180.602222222 276.776666667 288.627777778 197.528888889 139.245555556 214.312777778 250.2 7
343.447777778 226.714444444 287.074444444 276.861111111 0 250.22 231.881111111 225.881111111 199.018888889 0 0 277.258888889 54.2944444444 51.8766666667 73.75 0 290.598888889 179.578888889 306.724444444 326.177777778 367.51 185.206666667 417.303333333 363.011111111 6
324.468888889 346.498888889 364.02 352.623333333 0 189.581111111 105.078888889 370.668888889 359.811111111 0 0 204.297777778 57.9417777778 62.6244444444 82.2577777778 0 248.885555556 200.297777778 249.178888889 243.825555556 396.79 148.03 246.64 332.621111111 6
248.277777778 234.943333333 259.127777778 241.493333333 0 261.578888889 334.527777778 251.851111111 230.982222222 0 0 262.586666667 145.267777778 163.213333333 214.55 0 316.12 218.986666667 304.834444444 295.615555556 285.578888889 150.273333333 202.667777778 230.177777778 6
270.423333333 366.233333333 444.216666667 345.192222222 0 164.702222222 218.24 135.273333333 161.063333333 0 0 203.512222222 81.2277777778 92.3822222222 96.8277777778 0 240.225555556 198.904444444 261.582222222 313.57 279.393333333 214.04 218.986666667 183.72 6
262.04 350.194444444 293.756666667 241.644444444 0 266.784444444 229.403333333 149.221111111 142.283333333 0 0 208.502222222 47.31 59.81 85.4066666667 0 265.386666667 327.956666667 262.653333333 286.134444444 273.457777778 181.226666667 259.097777778 234.588888889 5
280.965888889 413.692222222 253.543333333 116.015555556 0 153.475555556 112.462222222 190.868888889 227.01 0 0 123.307777778 75.7327777778 56.7444444444 59.5466666667 0 127.427777778 212.96 288.061111111 261.008888889 145.634444444 151.041111111 247.66 250.576666667 7
389.617777778 324.825555556 306.556666667 292.9 0 278.924444444 270.143333333 277.457777778 271.797777778 0 0 187.573333333 74.3443333333 78.5078888889 128.27 0 135.917777778 223.812222222 361.337777778 283.57 219.325555556 146.64 255.725555556 152.028888889 5
142.348888889 148.055555556 112.620222222 59.908 0 247.942222222 134.8 110.431111111 124.856666667 0 0 104.356666667 71.5633333333 75.0988888889 63.5428888889 0 170.642111111 179.076666667 183.855555556 139.904444444 97.9155555556 148.166666667 79.92 114.917777778 10.0
126.739666667 78.5753333333 87.7488888889 103.403444444 0 132.871111111 150.06 161.341111111 206.775555556 0 0 52.5266666667 57.4688888889 86.5271111111 112.105555556 0 146.043333333 178.942222222 56.4685555556 153.942222222 112.518222222 198.65 392.582222222 337.397777778 10.0
212.401111111 66.2211111111 457.51 437.816666667 0 304.696666667 349.958888889 270.681111111 285.424444444 0 0 189.724444444 60.5987777778 70.3046666667 97.0022222222 0 271.092222222 212.99 254.744444444 360.1 290.881111111 282.804444444 214.288888889 234.806666667 4
161.253333333 144.558888889 245.514444444 277.831111111 0 120.197777778 146.862222222 177.436666667 127.644444444 0 0 117.373333333 51.6712222222 91.8577777778 109.206666667 0 274.862222222 141.797777778 140.643333333 129.587777778 288.273333333 393.18 318.184444444 311.663333333 6
206.256666667 158.234444444 269.391111111 239.823333333 0 148.972222222 204.054444444 291.701111111 259.444444444 0 0 190.305555556 100.515555556 116.965555556 142.164444444 0 216.945555556 208.665555556 274.632222222 164.856666667 281.433333333 210.111111111 160.588888889 204.553333333 5
425.595555556 279.713333333 432.482222222 388.17 0 280.452222222 224.917777778 227.77 191.872222222 0 0 188.02 68.76 100.474444444 100.29 0 259.007777778 242.216666667 368.003333333 344.15 343.513333333 391.27 304.656666667 261.425555556 3
181.286333333 205.313333333 237.28 209.63 0 335.337777778 255.816666667 281.673333333 284.76 0 0 199.748888889 76.8033333333 110.148888889 123.271111111 0 242.182222222 280.364444444 393.857777778 379.435555556 232.251111111 136.383333333 141.978888889 192.913333333 6
163.62 176.062222222 344.975555556 323.647777778 0 326.457777778 240.143333333 197.152222222 192.458888889 0 0 159.327777778 84.7411111111 67.6411111111 77.4044444444 0 174.424444444 224.088888889 316.3 296.95 178.602222222 263.241111111 201.307777778 249.582222222 4
259.285555556 316.997777778 489.5 440.176666667 0 414.316666667 252.956666667 261.751111111 218.361111111 0 0 259.488888889 86.9033333333 73.7666666667 89.92 0 281.976666667 223.375555556 264.955555556 237.224444444 266.452222222 327.991111111 150.595555556 197.737777778 5
345.275555556 329.327777778 165.827111111 116.077444444 0 233.26 228.635555556 163.007777778 217.195555556 0 0 163.878888889 81.7081111111 63.8326666667 79.8555555556 0 224.163333333 303.135555556 290.721111111 275.614444444 195.476666667 212.225555556 213.998888889 176.097777778 9
244.813333333 163.166666667 402.878888889 391.16 0 288.191111111 268.232222222 127.498888889 136.578888889 0 0 217.214444444 103.3 101.704444444 166.472222222 0 211.075555556 232.566666667 322.66 219.545555556 301.435555556 309.342222222 294.877777778 263.941111111 3
181.917777778 242.467777778 362.15 157.933333333 0 234.762222222 293.361111111 196.14 192.332222222 0 0 371.728888889 82.1488888889 87.5688888889 98.9344444444 0 235.696666667 194.576666667 275.12 186.223333333 250.114444444 207.063333333 410.616666667 252.428888889 6
354.882222222 352.342222222 263.192666667 220.585555556 0 432.43 269.703333333 140.495555556 214.671111111 0 0 135.116666667 56.7655555556 138.563333333 259.146666667 0 343.133333333 313.965555556 383.537777778 279.038888889 287.525555556 229.622222222 163.476666667 207.148888889 10
223.434444444 260.328888889 370.648888889 304.041111111 0 223.856666667 277.232222222 237.811111111 280.862222222 0 0 167.816666667 57.0134444444 74.2977777778 76.2755555556 0 226.867777778 166.827777778 284.252222222 313.515555556 259.303333333 162.147777778 199.347777778 160.88 3
129.617777778 143.537777778 292.822222222 213.942222222 0 165.085555556 193.736666667 205.438888889 225.646666667 0 0 149.025555556 72.2055555556 79.0222222222 97.6877777778 0 144.184444444 149.481111111 261.039777778 239.553333333 194.218888889 205.871111111 63.5077777778 135.195555556 4
196.06 242.165555556 231.661111111 141.417777778 0 207.202222222 196.357777778 221.045555556 190.685555556 0 0 129.747777778 69.4666666667 92.8522222222 108.616666667 0 226.191111111 212.636666667 221.278888889 188.722222222 144.888888889 147.871111111 133.35 119.663333333 2
227.371111111 263.356666667 372.395555556 459.78 0 286.77 360.263333333 278.343333333 245.165555556 0 0 251.12 79.7422222222 79.1411111111 86.0066666667 0 257.653333333 150.78 200.851111111 136.89 196.707777778 225.562222222 101.928888889 90.4122222222 5
160.371444444 314.126666667 332.825555556 301.093333333 0 359.251111111 284.505555556 257.848888889 270.783333333 0 0 142.183333333 146.956666667 405.8 279.484444444 0 285.591111111 95.4322222222 137.456666667 166.396666667 254.462222222 349.953333333 312.701111111 269.152222222 3
288.167777778 304.75 234.714444444 247.426666667 0 246.133333333 216.614444444 297.345555556 317.665555556 0 0 137.861111111 35.0591111111 56.7844444444 67.4544444444 0 189.016666667 237.987777778 363.588888889 328.346666667 291.772222222 285.885555556 213.876666667 167.957777778 1
410.288888889 417.366666667 436.533333333 410.871111111 0 327.661111111 170.043333333 284.216666667 275.743333333 0 0 286.554444444 44.4191111111 53.0255555556 78.6023333333 0 341.99 313.531111111 414.198888889 328.161111111 357.603333333 389.426666667 318.954444444 140.72 2
367.233333333 226.015555556 469.58 430.493333333 0 182.763333333 284.84 343.666666667 216.471111111 0 0 185.71 63.5446666667 64.5911111111 74.0244444444 0 276.71 233.746666667 288.838888889 323.998888889 480.455555556 329.601111111 488.944444444 265.828888889 1.5
431.871111111 447.422222222 465.325555556 411.357777778 0 121.005555556 387.555555556 357.9 244.162222222 0 0 256.953333333 66.8933333333 65.0222222222 78.7511111111 0 243.871111111 366.173333333 401.365555556 279.71 284.465555556 470.188888889 458.936666667 364.741111111 3.5
127.303333333 112.488888889 139.953333333 143.395555556 0 224.948888889 201.048888889 258.575555556 242.936666667 0 0 176.675555556 85.6855555556 101.158888889 130.285555556 0 190.177777778 228.92 312.873333333 258.291111111 143.576666667 289.193333333 320.928888889 262.208888889 3
132.917777778 125.854444444 148.263333333 118.886111111 0 183.98 161.207777778 294.178888889 291.221111111 0 0 114.153333333 48.3025555556 88.9744444444 94.3822222222 0 264.507777778 217.595555556 242.268888889 213.352222222 176.095555556 264.308888889 224.324444444 307.218888889 4
284.97 285.956666667 504.822222222 549.288888889 0 307.341111111 390.798888889 365.828888889 257.894444444 0 0 187.096666667 55.2976666667 78.9422222222 93.1244444444 0 327.047777778 304.313333333 321.782222222 245.656666667 486.288888889 353.012222222 402.179222222 310.425555556 4
176.926666667 213.154444444 507.822222222 537.1 0 207.302222222 136.048888889 178.023333333 150.083333333 0 0 163.703333333 65.8202222222 69.4377777778 92.6122222222 0 285.153333333 154.257777778 218.454444444 139.352222222 351.077777778 391.301111111 427.425555556 298.481111111 4
314.81 269.502222222 244.826666667 267.698888889 0 326.477777778 125.746666667 253.224444444 270.465555556 0 0 204.026666667 279.931111111 266.288888889 288.107777778 0 309.703333333 291.614444444 206.265555556 340.876666667 133.653333333 266.864444444 473.368888889 418.952222222 10.0
256.82 215.104444444 311.86 288.013333333 0 252.224444444 343.926666667 295.608888889 228.183333333 0 0 199.32 63.03 53.04 77.5011111111 0 286.208888889 261.287777778 274.086666667 313.051111111 298.507777778 258.19 217.945555556 275.748888889 8
203.226666667 324.667777778 508.072222222 485.818888889 0 185.573888889 283.872222222 306.206666667 299.111111111 0 0 258.424444444 62.5385555556 71.1522222222 103.100555556 0 286.46 165.757777778 181.274444444 172.276666667 421.322222222 208.683333333 353.545555556 338.66 7
397.205555556 359.254444444 468.011111111 481.188888889 0 246.533333333 380.255555556 397.655555556 369.121111111 0 0 144.488888889 76.8644444444 71.7544444444 109.113333333 0 288.854444444 255.344444444 294.88 357.441111111 256.496666667 411.407777778 378.902222222 371.63 1
314.663333333 292.733333333 289.154444444 130.285555556 0 200.883333333 164.945555556 144.594444444 144.034444444 0 0 178.011111111 103.745555556 133.894444444 143.637777778 0 220.336666667 263.744444444 303.102222222 284.383333333 221.463333333 127.283888889 188.256777778 211.45 7
142.458888889 149.745555556 151.536666667 126.62 0 197.582222222 222.517777778 174.674444444 164.246666667 0 0 129.407777778 115.86 173.452222222 163.355555556 0 169.426666667 203.532222222 274.921111111 260.623333333 159.563333333 146.078888889 125.524444444 159.613333333 7
434.62 396.886666667 460.813333333 452.073333333 0 239.262222222 362.757777778 261.605555556 268.677777778 0 0 176.782222222 66.2711111111 67.79 121.864444444 0 287.775555556 254.967777778 386.158888889 271.285555556 310.55 391.216666667 392.886666667 346.043333333 5.5
279.695555556 328.093333333 172.953333333 207.864 0 205.637777778 263.228888889 240.128888889 331.595555556 0 0 181.521111111 92.4544444444 122.012222222 158.364444444 0 293.183333333 226.433333333 279.893333333 243.52 188.311111111 197.281111111 224.781111111 193.576666667 8.5
401.071111111 279.805555556 485.657777778 447.887777778 0 109.093333333 240.912222222 199.84 228.507777778 0 0 294.031111111 97.9066666667 79.0444444444 106.606666667 0 236.212222222 210.782222222 351.034444444 321.45 397.433333333 301.49 188.65 120.084444444 7
316.764777778 381.56 494.825555556 294.451111111 0 266.825555556 314.137777778 160.633333333 354.765555556 0 0 350.756666667 46.6407777778 67.9044444444 106.741111111 0 306.34 221.338888889 231.545555556 348.186666667 408.823333333 417.437777778 485.344444444 350.121111111 1
315.695555556 159.102222222 488.511111111 484.755555556 0 326.403333333 399.876666667 366.883333333 365.643333333 0 0 353.794444444 66.8691111111 71.7737777778 120.218444444 0 337.914444444 272.845555556 512.244444444 401.444444444 265.934444444 393.295555556 386.487777778 365.146666667 1.5
