578.77 666.508333333 689.953666667 697.045 0 663.93 581.7075 513.190833333 499.709166667 0 0 522.334166667 590.314166667 711.291666667 726.438333333 0 627.005916667 609.4525 653.688333333 662.576666667 552.684166667 487.926666667 611.42125 638.336666667 7
845.1575 731.704166667 742.1025 690.0825 0 741.9625 670.501666667 632.385 612.238333333 0 0 614.574166667 500.364166667 416.208333333 432.613333333 0 653.189166667 507.739166667 627.161666667 641.751666667 748.083333333 718.85 805.365 764.645833333 6
965.725 799.965833333 904.615 806.833333333 0 399.4425 513.5475 944.276666667 936.133333333 0 0 501.0255 449.952166667 624.253333333 638.978333333 0 662.035833333 432.225833333 553.2575 549.2425 767.843333333 857.769166667 922.070833333 986.556666667 6
735.461083333 781.378333333 896.3925 725.720833333 0 885.17 812.601666667 621.7425 606.090833333 0 0 605.631666667 516.815833333 561.466666667 599.969166667 0 714.639166667 783.055833333 689.006666667 682.0925 608.3475 619.7975 616.49 637.1225 6
772.164166667 791.721666667 812.856666667 779.236666667 0 533.69 699.955833333 671.5 690.8425 0 0 441.505083333 567.8275 628.195 631.529166667 0 560.425 725.0875 610.355833333 649.346666667 625.940833333 645.7425 509.7675 483.3175 6
594.809166667 673.176666667 774.784166667 678.565 0 592.669166667 593.1475 491.7 486.496666667 0 0 381.6675 245.493333333 479.530833333 498.728333333 0 634.821666667 584.089166667 628.044166667 645.655 521.600833333 531.508333333 536.021666667 517.64 5
365.444833333 576.99825 757.349166667 456.059166667 0 482.871666667 422.739166667 542.606666667 569.7125 0 0 401.5775 453.47875 549.485833333 551.5875 0 448.220833333 741.543333333 592.164166667 571.875 372.856666667 897.206666667 852.215833333 854.403333333 7
955.860833333 850.131666667 872.8 790.853333333 0 817.573333333 693.958333333 681.486666667 677.241666667 0 0 370.278333333 432.97825 674.045083333 711.366666667 0 601.821666667 739.918333333 731.515833333 673.19 539.275 589.02 625.715833333 547.943333333 5
388.575 371.0625 296.835166667 315.585166667 0 438.789083333 416.99 666.341666667 677.160833333 0 0 243.36375 309.997083333 347.7325 339.0655 0 473.387416667 443.464166667 573.856666667 540.893333333 348.212333333 440.443916667 392.236666667 418.485 10.0
458.29475 353.082166667 173.0275 279.168 0 492.653333333 462.045833333 714.495833333 748.571666667 0 0 270.994166667 426.420833333 699.457833333 718.641666667 0 289.636 391.935 489.700583333 562.805833333 257.716833333 415.236166667 620.273333333 578.885 10.0
632.4325 596.444166667 804.08 885.538333333 0 804.301666667 861.225 738.093333333 749.150833333 0 0 526.938583333 424.60325 652.854333333 672.8775 0 752.576666667 798.520833333 725.693333333 804.71 605.363333333 735.2925 648.9025 664.290833333 4
788.568333333 552.565833333 391.265 442.001666667 0 417.273333333 451.7 712.284166667 674.94 0 0 328.939166667 387.913416667 799.925 812.936666667 0 571.753333333 521.790833333 540.149166667 531.8575 547.20325 911.04 766.448333333 761.5575 6
553.616666667 585.146666667 696.068333333 678.991666667 0 562.968333333 585.9675 584.428333333 560.235833333 0 0 503.773333333 386.671666667 617.57 636.469166667 0 636.263333333 522.68 484.808333333 402.476666667 507.094166667 672.771666667 590.514166667 623.4875 5
743.286666667 643.94 825.135 867.390833333 0 753.613333333 742.104166667 422.315 395.391666667 0 0 523.185833333 517.284166667 410.2975 410.159166667 0 667.538333333 523.219166667 786.154166667 768.264166667 675.485833333 707.7575 583.534166667 551.110833333 3
736.960583333 697.758333333 688.02 754.0575 0 580.3325 451.565 658.508333333 660.823333333 0 0 604.040833333 535.35 620.090833333 629.9325 0 692.1725 610.365 744.131666667 733.315 534.966666667 573.819166667 489.95 528.150833333 6
729.946666667 626.870833333 658.781666667 678.543333333 0 709.606666667 644.285 473.9475 470.4275 0 0 398.607916667 509.1225 527.918333333 535.240833333 0 564.0225 736.228333333 723.463333333 708.950833333 515.650833333 667.814166667 558.2075 594.413333333 4
755.59 737.574166667 844.734166667 827.0425 0 905.368333333 822.553333333 560.0725 527.53 0 0 480.437 475.794166667 527.2225 539.3375 0 666.150833333 758.4275 644.530833333 623.7325 738.229166667 724.0 567.630833333 602.9875 5
604.658333333 666.088333333 606.332833333 459.79225 0 708.004166667 716.224166667 546.744166667 587.385 0 0 428.639666667 466.853583333 501.370333333 513.3875 0 403.43 919.000833333 736.9725 725.6425 387.749166667 578.403333333 562.105833333 533.68 9
653.150833333 606.983333333 931.435833333 838.088333333 0 746.988333333 624.205 362.726666667 369.536666667 0 0 452.754166667 452.681666667 502.9875 551.563333333 0 606.0125 670.763333333 638.134166667 560.798333333 553.235833333 765.285 593.485 570.2825 3
823.874166667 825.923333333 859.963333333 685.275 0 875.7375 936.439166667 603.595 600.739166667 0 0 575.354166667 550.061666667 588.545833333 597.07 0 649.443333333 772.748333333 686.8875 620.215 680.060833333 910.18 817.956666667 699.315833333 6
647.035833333 712.1675 659.931166667 618.8075 0 777.384166667 658.866666667 550.828333333 606.46 0 0 417.635333333 480.729166667 651.378333333 741.815833333 0 615.8925 698.616666667 600.634166667 522.26 619.1375 750.145833333 541.85 574.604166667 10
564.795916667 650.760833333 733.096666667 702.356666667 0 739.559166667 727.97 738.031666667 770.32 0 0 454.5675 591.593416667 477.743333333 479.226666667 0 644.594166667 680.524166667 652.055833333 674.003333333 497.724166667 671.051666667 553.52 524.669166667 3
596.37 605.654166667 633.030833333 534.16 0 622.911666667 636.78 433.506666667 448.6625 0 0 443.329083333 565.45 460.156666667 474.155833333 0 603.175333333 773.735 546.180666667 530.065833333 498.728333333 787.564166667 536.423333333 590.189166667 4
585.715833333 581.913333333 434.983333333 404.430833333 0 551.661666667 491.589166667 492.530833333 469.760833333 0 0 352.290333333 350.668333333 619.203333333 631.026666667 0 512.1825 460.041666667 517.130833333 492.713333333 376.7275 521.298333333 428.275 418.01 2
780.5275 754.233333333 767.27 873.945 0 756.5275 899.3225 669.058333333 644.175 0 0 487.0175 518.220833333 597.951666667 603.100833333 0 712.0605 608.8975 429.200833333 381.23 541.513333333 639.826666667 483.3375 474.7 5
612.906083333 861.566666667 970.508333333 771.969166667 0 616.403333333 612.4175 537.2525 546.953333333 0 0 478.35 657.079166667 705.235 610.498333333 0 726.7425 403.106666667 489.513333333 511.218333333 810.433333333 758.69 832.4325 799.770833333 3
687.040833333 677.784166667 699.955833333 596.185 0 715.3425 753.155 624.985 640.225 0 0 385.810833333 356.654333333 345.323333333 353.325833333 0 521.61 450.5025 669.938333333 643.506666667 579.3175 635.616666667 525.080833333 490.641666667 1
828.634166667 736.615 869.074166667 868.425833333 0 868.4325 713.29 630.774166667 624.419166667 0 0 437.994083333 427.850166667 516.725 535.907583333 0 721.208333333 553.150833333 749.431666667 684.903333333 662.5525 802.629166667 617.974166667 484.298333333 2
684.499166667 661.238333333 966.441666667 864.355 0 663.8225 805.070833333 685.143333333 589.746666667 0 0 463.3025 415.829333333 394.835 401.91 0 720.191666667 599.065833333 674.479166667 700.849166667 732.146666667 812.618333333 748.504166667 581.1675 1.5
951.643333333 838.480833333 881.681666667 913.8625 0 719.23 884.516666667 674.425833333 589.1225 0 0 476.898416667 433.968333333 589.513333333 599.81 0 793.753333333 762.585 784.2525 693.010833333 821.934166667 1115.01916667 886.518333333 815.871666667 3.5
533.635833333 329.35975 381.820916667 377.771666667 0 807.6975 618.56 707.491666667 695.7625 0 0 505.355833333 534.559166667 547.060833333 568.905833333 0 569.325833333 769.2325 767.34 726.403333333 539.066666667 816.176666667 788.010833333 743.970833333 3
485.679166667 375.683333333 482.983333333 567.392083333 0 413.589166667 568.374166667 730.225833333 728.0075 0 0 374.874166667 463.329416667 585.2975 589.353333333 0 479.455833333 574.306666667 690.5 668.8125 615.163916667 464.635416667 703.826666667 765.9975 4
935.594166667 767.425833333 877.175833333 949.310833333 0 831.686666667 770.275833333 658.795833333 577.845 0 0 444.1225 400.446583333 400.338333333 410.975 0 861.4075 969.425 693.825833333 636.731666667 939.57 774.949166667 756.858583333 688.043333333 4
848.1975 688.1275 828.375 878.225 0 609.906666667 617.93 450.896666667 429.941666667 0 0 292.35775 279.526833333 368.72 386.100833333 0 702.2575 511.043333333 633.084166667 573.7575 664.761666667 696.866666667 667.163333333 570.455 4
941.095833333 826.079166667 622.308333333 890.845 0 600.071666667 498.408333333 715.24 728.170833333 0 0 785.1725 776.935833333 674.713333333 691.0775 0 929.0125 659.434166667 648.306666667 749.265 717.201666667 613.619166667 770.28 729.4675 10.0
668.6325 640.775833333 885.178333333 823.326666667 0 743.353333333 750.433333333 721.1375 670.568333333 0 0 326.29725 381.295833333 451.239166667 469.585 0 741.768333333 791.014166667 740.626666667 769.85 548.625 624.814166667 687.415 730.7675 8
721.99 774.666666667 1066.53 1072.48416667 0 576.76625 816.145 803.9925 798.670833333 0 0 438.865833333 414.096416667 595.765 619.72625 0 587.689166667 415.225 538.34 531.591666667 591.929166667 716.898333333 817.863333333 806.699166667 7
1068.75916667 924.336666667 1072.08916667 888.745833333 0 973.124166667 993.444166667 998.560833333 977.16 0 0 441.505 464.710833333 629.461666667 657.480833333 0 758.068333333 682.571666667 675.415833333 722.336666667 560.150833333 919.734166667 752.731666667 747.2775 1
813.503333333 813.8875 912.701666667 636.644166667 0 496.340833333 464.240833333 493.055 492.635 0 0 487.506666667 567.3625 746.454166667 753.761666667 0 622.231666667 590.713333333 709.85 695.810833333 516.205 610.947916667 544.502583333 561.8975 7
606.9005 561.06 550.8925 568.975833333 0 530.335833333 529.208333333 545.015 537.194166667 0 0 474.801666667 535.1025 460.8875 453.315 0 574.729166667 609.8375 677.6325 666.909166667 426.506666667 445.49 481.871666667 507.438333333 7
781.176666667 759.216666667 1009.88333333 868.4475 0 662.640833333 680.283333333 694.2675 699.571666667 0 0 464.379166667 473.845833333 703.3725 743.928333333 0 771.381666667 561.525 654.039166667 567.884166667 574.166666667 929.158333333 770.140833333 735.008333333 5.5
565.685833333 748.314166667 669.6025 678.637166667 0 705.844166667 762.956666667 603.450833333 672.050833333 0 0 393.893333333 462.1725 596.045833333 623.31 0 544.440833333 610.849166667 763.620833333 736.340833333 461.2575 655.7275 602.820833333 579.4175 8.5
796.675 698.094166667 1030.325 917.118333333 0 589.030833333 624.25 606.010833333 627.511666667 0 0 539.567416667 530.6075 655.901666667 676.573333333 0 563.59 700.363333333 716.996666667 694.808333333 656.914166667 605.408333333 509.866666667 458.4425 7
901.714416667 886.090833333 1025.45416667 792.636666667 0 866.54 939.520833333 553.925 699.524166667 0 0 602.6125 381.468083333 511.881666667 541.009166667 0 771.28 601.7225 746.168333333 833.649166667 823.1425 789.745833333 804.740833333 703.323333333 1
1047.455 768.755833333 867.570833333 977.169166667 0 955.588333333 998.169166667 684.261666667 683.331666667 0 0 769.213333333 635.9785 532.570333333 568.903833333 0 915.572 1015.9475 859.924166667 776.824166667 692.786666667 844.796666667 722.739166667 706.733333333 1.5
