502.703333333 638.32 725.541333333 753.7 0 619.093333333 459.56 636.67 582.743333333 0 0 446.243333333 393.753333333 455.466666667 516.053333333 0 406.963666667 541.806666667 830.33 865.883333333 592.586666667 417.736666667 642.938333333 750.6 7
1030.34333333 680.143333333 861.223333333 830.583333333 0 750.66 695.643333333 677.643333333 597.056666667 0 0 831.776666667 162.883333333 155.63 221.25 0 871.796666667 538.736666667 920.173333333 978.533333333 1102.53 555.62 1251.91 1089.03333333 6
973.406666667 1039.49666667 1092.06 1057.87 0 568.743333333 315.236666667 1112.00666667 1079.43333333 0 0 612.893333333 173.825333333 187.873333333 246.773333333 0 746.656666667 600.893333333 747.536666667 731.476666667 1190.37 444.09 739.92 997.863333333 6
744.833333333 704.83 777.383333333 724.48 0 784.736666667 1003.58333333 755.553333333 692.946666667 0 0 787.76 435.803333333 489.64 643.65 0 948.36 656.96 914.503333333 886.846666667 856.736666667 450.82 608.003333333 690.533333333 6
811.27 1098.7 1332.65 1035.57666667 0 494.106666667 654.72 405.82 483.19 0 0 610.536666667 243.683333333 277.146666667 290.483333333 0 720.676666667 596.713333333 784.746666667 940.71 838.18 642.12 656.96 551.16 6
786.12 1050.58333333 881.27 724.933333333 0 800.353333333 688.21 447.663333333 426.85 0 0 625.506666667 141.93 179.43 256.22 0 796.16 983.87 787.96 858.403333333 820.373333333 543.68 777.293333333 703.766666667 5
842.897666667 1241.07666667 760.63 348.046666667 0 460.426666667 337.386666667 572.606666667 681.03 0 0 369.923333333 227.198333333 170.233333333 178.64 0 382.283333333 638.88 864.183333333 783.026666667 436.903333333 453.123333333 742.98 751.73 7
1168.85333333 974.476666667 919.67 878.7 0 836.773333333 810.43 832.373333333 815.393333333 0 0 562.72 223.033 235.523666667 384.81 0 407.753333333 671.436666667 1084.01333333 850.71 657.976666667 439.92 767.176666667 456.086666667 5
427.046666667 444.166666667 337.860666667 179.724 0 743.826666667 404.4 331.293333333 374.57 0 0 313.07 214.69 225.296666667 190.628666667 0 511.926333333 537.23 551.566666667 419.713333333 293.746666667 444.5 239.76 344.753333333 10.0
380.219 235.726 263.246666667 310.210333333 0 398.613333333 450.18 484.023333333 620.326666667 0 0 157.58 172.406666667 259.581333333 336.316666667 0 438.13 536.826666667 169.405666667 461.826666667 337.554666667 595.95 1177.74666667 1012.19333333 10.0
637.203333333 198.663333333 1372.53 1313.45 0 914.09 1049.87666667 812.043333333 856.273333333 0 0 569.173333333 181.796333333 210.914 291.006666667 0 813.276666667 638.97 764.233333333 1080.3 872.643333333 848.413333333 642.866666667 704.42 4
483.76 433.676666667 736.543333333 833.493333333 0 360.593333333 440.586666667 532.31 382.933333333 0 0 352.12 155.013666667 275.573333333 327.62 0 824.586666667 425.393333333 421.93 388.763333333 864.82 1179.54 954.553333333 934.99 6
618.77 474.703333333 808.173333333 719.47 0 446.916666667 612.163333333 875.103333333 778.333333333 0 0 570.916666667 301.546666667 350.896666667 426.493333333 0 650.836666667 625.996666667 823.896666667 494.57 844.3 630.333333333 481.766666667 613.66 5
1276.78666667 839.14 1297.44666667 1164.51 0 841.356666667 674.753333333 683.31 575.616666667 0 0 564.06 206.28 301.423333333 300.87 0 777.023333333 726.65 1104.01 1032.45 1030.54 1173.81 913.97 784.276666667 3
543.859 615.94 711.84 628.89 0 1006.01333333 767.45 845.02 854.28 0 0 599.246666667 230.41 330.446666667 369.813333333 0 726.546666667 841.093333333 1181.57333333 1138.30666667 696.753333333 409.15 425.936666667 578.74 6
490.86 528.186666667 1034.92666667 970.943333333 0 979.373333333 720.43 591.456666667 577.376666667 0 0 477.983333333 254.223333333 202.923333333 232.213333333 0 523.273333333 672.266666667 948.9 890.85 535.806666667 789.723333333 603.923333333 748.746666667 4
777.856666667 950.993333333 1468.5 1320.53 0 1242.95 758.87 785.253333333 655.083333333 0 0 778.466666667 260.71 221.3 269.76 0 845.93 670.126666667 794.866666667 711.673333333 799.356666667 983.973333333 451.786666667 593.213333333 5
1035.82666667 987.983333333 497.481333333 348.232333333 0 699.78 685.906666667 489.023333333 651.586666667 0 0 491.636666667 245.124333333 191.498 239.566666667 0 672.49 909.406666667 872.163333333 826.843333333 586.43 636.676666667 641.996666667 528.293333333 9
734.44 489.5 1208.63666667 1173.48 0 864.573333333 804.696666667 382.496666667 409.736666667 0 0 651.643333333 309.9 305.113333333 499.416666667 0 633.226666667 697.7 967.98 658.636666667 904.306666667 928.026666667 884.633333333 791.823333333 3
545.753333333 727.403333333 1086.45 473.8 0 704.286666667 880.083333333 588.42 576.996666667 0 0 1115.18666667 246.446666667 262.706666667 296.803333333 0 707.09 583.73 825.36 558.67 750.343333333 621.19 1231.85 757.286666667 6
1064.64666667 1057.02666667 789.578 661.756666667 0 1297.29 809.11 421.486666667 644.013333333 0 0 405.35 170.296666667 415.69 777.44 0 1029.4 941.896666667 1150.61333333 837.116666667 862.576666667 688.866666667 490.43 621.446666667 10
670.303333333 780.986666667 1111.94666667 912.123333333 0 671.57 831.696666667 713.433333333 842.586666667 0 0 503.45 171.040333333 222.893333333 228.826666667 0 680.603333333 500.483333333 852.756666667 940.546666667 777.91 486.443333333 598.043333333 482.64 3
388.853333333 430.613333333 878.466666667 641.826666667 0 495.256666667 581.21 616.316666667 676.94 0 0 447.076666667 216.616666667 237.066666667 293.063333333 0 432.553333333 448.443333333 783.119333333 718.66 582.656666667 617.613333333 190.523333333 405.586666667 4
588.18 726.496666667 694.983333333 424.253333333 0 621.606666667 589.073333333 663.136666667 572.056666667 0 0 389.243333333 208.4 278.556666667 325.85 0 678.573333333 637.91 663.836666667 566.166666667 434.666666667 443.613333333 400.05 358.99 2
682.113333333 790.07 1117.18666667 1379.34 0 860.31 1080.79 835.03 735.496666667 0 0 753.36 239.226666667 237.423333333 258.02 0 772.96 452.34 602.553333333 410.67 590.123333333 676.686666667 305.786666667 271.236666667 5
481.114333333 942.38 998.476666667 903.28 0 1077.75333333 853.516666667 773.546666667 812.35 0 0 426.55 440.87 1217.4 838.453333333 0 856.773333333 286.296666667 412.37 499.19 763.386666667 1049.86 938.103333333 807.456666667 3
864.503333333 914.25 704.143333333 742.28 0 738.4 649.843333333 892.036666667 952.996666667 0 0 413.583333333 105.177333333 170.353333333 202.363333333 0 567.05 713.963333333 1090.76666667 985.04 875.316666667 857.656666667 641.63 503.873333333 1
1230.86666667 1252.1 1309.6 1232.61333333 0 982.983333333 510.13 852.65 827.23 0 0 859.663333333 133.257333333 159.076666667 235.807 0 1025.97 940.593333333 1242.59666667 984.483333333 1072.81 1168.28 956.863333333 422.16 2
1101.7 678.046666667 1408.74 1291.48 0 548.29 854.52 1031.0 649.413333333 0 0 557.13 190.634 193.773333333 222.073333333 0 830.13 701.24 866.516666667 971.996666667 1441.36666667 988.803333333 1466.83333333 797.486666667 1.5
1295.61333333 1342.26666667 1395.97666667 1234.07333333 0 363.016666667 1162.66666667 1073.7 732.486666667 0 0 770.86 200.68 195.066666667 236.253333333 0 731.613333333 1098.52 1204.09666667 839.13 853.396666667 1410.56666667 1376.81 1094.22333333 3.5
381.91 337.466666667 419.86 430.186666667 0 674.846666667 603.146666667 775.726666667 728.81 0 0 530.026666667 257.056666667 303.476666667 390.856666667 0 570.533333333 686.76 938.62 774.873333333 430.73 867.58 962.786666667 786.626666667 3
398.753333333 377.563333333 444.79 356.658333333 0 551.94 483.623333333 882.536666667 873.663333333 0 0 342.46 144.907666667 266.923333333 283.146666667 0 793.523333333 652.786666667 726.806666667 640.056666667 528.286666667 792.926666667 672.973333333 921.656666667 4
854.91 857.87 1514.46666667 1647.86666667 0 922.023333333 1172.39666667 1097.48666667 773.683333333 0 0 561.29 165.893 236.826666667 279.373333333 0 981.143333333 912.94 965.346666667 736.97 1458.86666667 1059.03666667 1206.53766667 931.276666667 4
530.78 639.463333333 1523.46666667 1611.3 0 621.906666667 408.146666667 534.07 450.25 0 0 491.11 197.460666667 208.313333333 277.836666667 0 855.46 462.773333333 655.363333333 418.056666667 1053.23333333 1173.90333333 1282.27666667 895.443333333 4
944.43 808.506666667 734.48 803.096666667 0 979.433333333 377.24 759.673333333 811.396666667 0 0 612.08 839.793333333 798.866666667 864.323333333 0 929.11 874.843333333 618.796666667 1022.63 400.96 800.593333333 1420.10666667 1256.85666667 10.0
770.46 645.313333333 935.58 864.04 0 756.673333333 1031.78 886.826666667 684.55 0 0 597.96 189.09 159.12 232.503333333 0 858.626666667 783.863333333 822.26 939.153333333 895.523333333 774.57 653.836666667 827.246666667 8
609.68 974.003333333 1524.21666667 1457.45666667 0 556.721666667 851.616666667 918.62 897.333333333 0 0 775.273333333 187.615666667 213.456666667 309.301666667 0 859.38 497.273333333 543.823333333 516.83 1263.96666667 626.05 1060.63666667 1015.98 7
1191.61666667 1077.76333333 1404.03333333 1443.56666667 0 739.6 1140.76666667 1192.96666667 1107.36333333 0 0 433.466666667 230.593333333 215.263333333 327.34 0 866.563333333 766.033333333 884.64 1072.32333333 769.49 1234.22333333 1136.70666667 1114.89 1
943.99 878.2 867.463333333 390.856666667 0 602.65 494.836666667 433.783333333 432.103333333 0 0 534.033333333 311.236666667 401.683333333 430.913333333 0 661.01 791.233333333 909.306666667 853.15 664.39 381.851666667 564.770333333 634.35 7
427.376666667 449.236666667 454.61 379.86 0 592.746666667 667.553333333 524.023333333 492.74 0 0 388.223333333 347.58 520.356666667 490.066666667 0 508.28 610.596666667 824.763333333 781.87 478.69 438.236666667 376.573333333 478.84 7
1303.86 1190.66 1382.44 1356.22 0 717.786666667 1088.27333333 784.816666667 806.033333333 0 0 530.346666667 198.813333333 203.37 365.593333333 0 863.326666667 764.903333333 1158.47666667 813.856666667 931.65 1173.65 1178.66 1038.13 5.5
839.086666667 984.28 518.86 623.592 0 616.913333333 789.686666667 720.386666667 994.786666667 0 0 544.563333333 277.363333333 366.036666667 475.093333333 0 879.55 679.3 839.68 730.56 564.933333333 591.843333333 674.343333333 580.73 8.5
1203.21333333 839.416666667 1456.97333333 1343.66333333 0 327.28 722.736666667 599.52 685.523333333 0 0 882.093333333 293.72 237.133333333 319.82 0 708.636666667 632.346666667 1053.10333333 964.35 1192.3 904.47 565.95 360.253333333 7
950.294333333 1144.68 1484.47666667 883.353333333 0 800.476666667 942.413333333 481.9 1064.29666667 0 0 1052.27 139.922333333 203.713333333 320.223333333 0 919.02 664.016666667 694.636666667 1044.56 1226.47 1252.31333333 1456.03333333 1050.36333333 1
947.086666667 477.306666667 1465.53333333 1454.26666667 0 979.21 1199.63 1100.65 1096.93 0 0 1061.38333333 200.607333333 215.321333333 360.655333333 0 1013.74333333 818.536666667 1536.73333333 1204.33333333 797.803333333 1179.88666667 1159.46333333 1095.44 1.5
