604.125555556 675.904444444 678.091111111 678.16 0 678.875555556 622.423333333 472.031111111 472.031111111 0 0 547.697777778 655.834444444 796.566666667 796.566666667 0 700.353333333 632.001111111 594.807777778 594.807777778 539.383333333 511.323333333 600.915555556 600.915555556 7
783.428888889 748.891111111 702.395555556 643.248888889 0 739.063333333 662.121111111 617.298888889 617.298888889 0 0 542.173333333 612.857777778 503.067777778 503.067777778 0 580.32 497.406666667 529.491111111 529.491111111 629.934444444 773.26 656.516666667 656.516666667 6
963.164444444 720.122222222 842.133333333 723.154444444 0 343.008888889 579.651111111 888.366666667 888.366666667 0 0 463.736222222 541.994444444 769.713333333 769.713333333 0 633.828888889 376.003333333 488.497777778 488.497777778 627.001111111 995.662222222 982.787777778 982.787777778 6
732.337 806.894444444 936.062222222 726.134444444 0 918.647777778 748.941111111 577.138888889 577.138888889 0 0 544.922222222 543.82 585.408888889 585.408888889 0 636.732222222 825.087777778 613.841111111 613.841111111 525.551111111 676.123333333 619.318888889 619.318888889 6
759.128888889 689.395555556 639.592222222 693.79 0 546.884444444 715.034444444 760.06 760.06 0 0 385.161222222 675.875555556 745.211111111 745.211111111 0 507.007777778 767.878888889 552.225555556 552.225555556 555.194444444 646.95 460.703333333 460.703333333 6
531.038888889 547.374444444 739.288888889 663.108888889 0 523.441111111 561.46 506.378888889 506.378888889 0 0 300.387777778 280.014444444 579.564444444 579.564444444 0 581.042222222 450.828888889 574.738888889 574.738888889 422.01 527.451111111 455.597777778 455.597777778 5
206.293888889 355.638777778 756.255555556 492.063333333 0 490.353333333 451.19 532.606666667 532.606666667 0 0 412.128888889 528.905555556 675.903333333 675.903333333 0 470.2 775.764444444 501.491111111 501.491111111 351.507777778 1045.23444444 888.627777778 888.627777778 7
884.863333333 808.683333333 857.176666667 761.571111111 0 811.173333333 655.134444444 631.191111111 631.191111111 0 0 306.131111111 502.96 820.218888889 820.218888889 0 666.511111111 762.745555556 614.016666667 614.016666667 499.707777778 638.72 578.562222222 578.562222222 5
375.751111111 346.694444444 283.16 360.872222222 0 337.109888889 421.186666667 778.024444444 778.024444444 0 0 220.128333333 341.766111111 388.544444444 388.544444444 0 460.541111111 412.208888889 581.286666667 581.286666667 366.367555556 439.091888889 443.062222222 443.062222222 10.0
484.32 392.200888889 142.954444444 268.820555556 0 524.0 466.001111111 791.32 791.32 0 0 308.798888889 511.092222222 846.083333333 846.083333333 0 240.138 343.637777778 596.465555556 596.465555556 231.104222222 354.998222222 434.448888889 434.448888889 10.0
630.842222222 729.037777778 614.596666667 742.901111111 0 767.705555556 798.341111111 713.443333333 713.443333333 0 0 512.860333333 505.538888889 800.167777778 800.167777778 0 732.343333333 851.704444444 712.846666667 712.846666667 516.27 697.585555556 650.914444444 650.914444444 4
890.171111111 592.195555556 276.172222222 311.504444444 0 436.166666667 455.404444444 772.275555556 772.275555556 0 0 321.212222222 465.546666667 974.708888889 974.708888889 0 487.475555556 553.923333333 579.555555556 579.555555556 441.331 821.54 703.746666667 703.746666667 6
531.898888889 621.961111111 658.7 665.498888889 0 601.652222222 577.235555556 487.536666667 487.536666667 0 0 481.392222222 415.046666667 706.461111111 706.461111111 0 631.405555556 488.241111111 371.778888889 371.778888889 394.692222222 686.917777778 626.763333333 626.763333333 5
565.453333333 578.873333333 667.697777778 768.351111111 0 724.365555556 764.554444444 335.316666667 335.316666667 0 0 509.561111111 620.952222222 446.588888889 446.588888889 0 631.043333333 455.408888889 680.202222222 680.202222222 557.134444444 552.406666667 473.388888889 473.388888889 3
801.327777778 725.031111111 680.08 795.78 0 438.438888889 346.27 596.337777778 596.337777778 0 0 605.638888889 636.996666667 716.638888889 716.638888889 0 680.714444444 533.455555556 598.317777778 598.317777778 481.037777778 628.708888889 511.287777778 511.287777778 6
809.642222222 659.765555556 533.4 581.076666667 0 619.684444444 618.903333333 434.777777778 434.777777778 0 0 372.149444444 594.088888889 636.25 636.25 0 577.605555556 757.548888889 648.317777778 648.317777778 508.932222222 627.177777778 542.968888889 542.968888889 4
748.167777778 666.434444444 636.812222222 662.546666667 0 792.841111111 843.781111111 485.012222222 485.012222222 0 0 381.093777778 547.488888889 629.196666667 629.196666667 0 606.224444444 787.861111111 594.418888889 594.418888889 717.853333333 637.342222222 606.245555556 606.245555556 5
460.935555556 558.79 642.616666667 496.978888889 0 710.745555556 726.33 565.984444444 565.984444444 0 0 407.640666667 540.763333333 604.661111111 604.661111111 0 313.743333333 922.198888889 691.908888889 691.908888889 321.522222222 558.978888889 535.475555556 535.475555556 9
626.054444444 646.144444444 839.035555556 726.291111111 0 707.793333333 564.041111111 356.136666667 356.136666667 0 0 386.457777778 500.275555556 568.945555556 568.945555556 0 596.941111111 661.784444444 528.185555556 528.185555556 436.212222222 711.037777778 496.435555556 496.435555556 3
916.581111111 858.763333333 784.467777778 755.766666667 0 932.887777778 955.224444444 608.653333333 608.653333333 0 0 395.41 651.266666667 697.158888889 697.158888889 0 630.227777778 835.754444444 640.73 640.73 656.633333333 1006.51 679.992222222 679.992222222 6
507.832222222 597.214444444 616.715555556 604.491111111 0 604.082222222 608.785555556 593.942222222 593.942222222 0 0 421.730444444 584.206666667 729.941111111 729.941111111 0 478.056666667 617.523333333 417.307777778 417.307777778 537.991111111 770.572222222 558.99 558.99 10
529.626777778 607.352222222 606.813333333 632.434444444 0 762.222222222 693.394444444 746.231111111 746.231111111 0 0 438.273333333 731.777777778 562.693333333 562.693333333 0 632.591111111 740.537777778 585.155555556 585.155555556 404.328888889 732.587777778 538.678888889 538.678888889 3
665.542222222 664.001111111 551.218888889 498.271111111 0 665.463333333 655.303333333 372.57 372.57 0 0 442.079888889 681.727777778 534.52 534.52 0 660.049333333 882.165555556 467.201111111 467.201111111 470.752222222 844.214444444 651.723333333 651.723333333 4
584.894444444 533.718888889 348.316666667 397.823333333 0 528.346666667 459.094444444 435.662222222 435.662222222 0 0 339.972666667 398.091111111 732.752222222 732.752222222 0 456.718888889 400.752222222 468.228888889 468.228888889 357.414444444 547.193333333 437.683333333 437.683333333 2
813.332222222 742.287777778 650.631111111 705.48 0 721.933333333 838.833333333 613.734444444 613.734444444 0 0 398.236666667 611.218888889 718.127777778 718.127777778 0 691.760666667 661.083333333 371.416666667 371.416666667 525.31 627.54 542.521111111 542.521111111 5
656.836666667 834.628888889 961.185555556 728.198888889 0 462.62 532.051111111 458.487777778 458.487777778 0 0 495.616666667 729.148888889 534.513333333 534.513333333 0 683.398888889 442.043333333 515.227777778 515.227777778 826.115555556 661.633333333 797.208888889 797.208888889 3
627.886666667 598.962222222 698.56 547.486666667 0 707.656666667 787.592222222 535.967777778 535.967777778 0 0 376.553333333 440.48 403.646666667 403.646666667 0 506.463333333 362.682222222 529.662222222 529.662222222 480.651111111 561.603333333 486.231111111 486.231111111 1
694.556666667 564.786666667 722.232222222 747.03 0 830.248888889 781.01 556.815555556 556.815555556 0 0 297.437666667 526.047777778 635.941111111 635.941111111 0 619.621111111 424.003333333 585.043333333 585.043333333 525.8 680.745555556 505.011111111 505.011111111 2
545.432222222 655.635555556 819.008888889 721.98 0 702.333333333 788.587777778 569.857777778 569.857777778 0 0 432.026666667 490.894444444 461.855555556 461.855555556 0 683.545555556 565.007777778 610.466666667 610.466666667 495.74 753.89 509.061111111 509.061111111 1.5
836.986666667 670.552222222 710.25 807.125555556 0 837.967777778 791.8 541.334444444 541.334444444 0 0 378.911222222 511.731111111 720.995555556 720.995555556 0 814.466666667 650.606666667 644.304444444 644.304444444 811.446666667 1016.50333333 723.087777778 723.087777778 3.5
584.211111111 326.657444444 369.141222222 360.3 0 851.981111111 623.697777778 684.746666667 684.746666667 0 0 497.132222222 627.06 628.255555556 628.255555556 0 568.923333333 796.723333333 710.246666667 710.246666667 575.178888889 799.042222222 729.752222222 729.752222222 3
514.654444444 375.056666667 495.714444444 637.636666667 0 367.472222222 596.624444444 679.455555556 679.455555556 0 0 385.678888889 569.47 691.422222222 691.422222222 0 374.766666667 548.146666667 678.397777778 678.397777778 644.123 355.205 714.111111111 714.111111111 4
962.488888889 737.277777778 664.745555556 716.458888889 0 801.574444444 636.235555556 512.565555556 512.565555556 0 0 405.066666667 478.631111111 454.842222222 454.842222222 0 821.495555556 988.253333333 603.318888889 603.318888889 766.471111111 680.253333333 606.965555556 606.965555556 4
954.003333333 704.348888889 596.677777778 633.866666667 0 605.906666667 687.857777778 423.172222222 423.172222222 0 0 226.107 306.882222222 422.188888889 422.188888889 0 651.19 527.133333333 625.657777778 625.657777778 535.271111111 537.854444444 462.125555556 462.125555556 4
939.984444444 831.936666667 584.917777778 920.094444444 0 473.617777778 538.797777778 700.428888889 700.428888889 0 0 842.87 755.983333333 633.328888889 633.328888889 0 928.98 587.631111111 658.143333333 658.143333333 822.615555556 551.294444444 553.671111111 553.671111111 10.0
634.69 639.263333333 868.377777778 809.755555556 0 738.913333333 656.651111111 665.907777778 665.907777778 0 0 235.743 445.364444444 548.612222222 548.612222222 0 702.815555556 793.397777778 713.415555556 713.415555556 432.992222222 574.895555556 698.607777778 698.607777778 8
759.426666667 708.221111111 913.967777778 944.16 0 583.447777778 804.321111111 765.783333333 765.783333333 0 0 326.73 489.59 723.201111111 723.201111111 0 497.125555556 387.875555556 536.512222222 536.512222222 367.916666667 747.181111111 736.938888889 736.938888889 7
1027.80666667 873.194444444 961.441111111 703.805555556 0 1050.96555556 944.336666667 933.758888889 933.758888889 0 0 444.184444444 542.75 767.527777778 767.527777778 0 721.903333333 654.751111111 605.674444444 605.674444444 490.371111111 814.904444444 624.74 624.74 1
770.007777778 792.45 927.781111111 718.573333333 0 460.904444444 454.042222222 512.812222222 512.812222222 0 0 471.997777778 652.737777778 861.377777778 861.377777778 0 609.305555556 523.873333333 643.364444444 643.364444444 466.81 687.313333333 537.746666667 537.746666667 7
666.741777778 598.334444444 582.986666667 632.014444444 0 509.532222222 483.093333333 552.012222222 552.012222222 0 0 503.661111111 597.61 441.064444444 441.064444444 0 596.878888889 609.584444444 628.588888889 628.588888889 409.112222222 447.907777778 516.971111111 516.971111111 7
606.948888889 615.402222222 885.697777778 705.856666667 0 644.258888889 544.286666667 664.084444444 664.084444444 0 0 442.39 565.523333333 870.04 870.04 0 740.733333333 493.732222222 485.893333333 485.893333333 455.005555556 847.661111111 633.967777778 633.967777778 5.5
474.552222222 669.658888889 719.85 696.985555556 0 735.487777778 754.046666667 564.472222222 564.472222222 0 0 343.67 523.775555556 672.715555556 672.715555556 0 432.737777778 588.032222222 738.267777778 738.267777778 426.698888889 677.022222222 578.98 578.98 8.5
661.162222222 650.986666667 888.108888889 774.936666667 0 676.281111111 591.421111111 608.174444444 608.174444444 0 0 425.392111111 609.57 795.491111111 795.491111111 0 515.241111111 723.035555556 604.961111111 604.961111111 478.452222222 505.721111111 491.172222222 491.172222222 7
885.521111111 799.894444444 872.446666667 762.397777778 0 888.561111111 938.556666667 577.933333333 577.933333333 0 0 452.726666667 461.983333333 614.604444444 614.604444444 0 722.033333333 580.957777778 763.345555556 763.345555556 688.7 635.556666667 587.643333333 587.643333333 1
1080.91111111 865.905555556 668.25 818.136666667 0 947.714444444 931.015555556 545.465555556 545.465555556 0 0 671.823333333 781.102222222 638.32 638.32 0 882.848222222 1081.75111111 634.321111111 634.321111111 657.781111111 733.1 577.164444444 577.164444444 1.5
